00000000 00000000000000000000000000000000
00000001 00000000000000000000000000000001
00000002 00000000000000000000000000000010
00000003 00000000000000000000000000000011
00000004 00000000000000000000000000000100
00000100 00000000000000000000000000001111
00000101 00000000000000000000000000001111
00000102 00000000000000000000000000011110
00000103 00000000000000000000000000001111
00000104 00000000000000000000000000010010
00000105 00000000000000000000000000001101
00000106 00000000000000000000000000001110
00000107 00000000000000000000000000011111
00000108 11111111111111111111111111100001
00000109 00000000000000000000000000000000
0000010A 00000000000000000000000000111100
0000010B 00000000000000000000000000000111
0000010C 00000000000000000000000000000100
0000010D 00000000000000000000000000001101
